onnx_model_path = "exported_model.onnx"
parameter_standard_deviations = [0.28133126679885656, 0.28100480365686287, 0.28140136435474244, 0.907001394792043, 1.811683338833852, 0.2815981892528909, 0.281641754864262, 0.28109705707606697, 0.9062620846468298, 1.8139690831565327, 2.886950440590801]
parameter_means = [0.28133126679885656, 0.28100480365686287, 0.28140136435474244, 0.907001394792043, 1.811683338833852, 0.2815981892528909, 0.281641754864262, 0.28109705707606697, 0.9062620846468298, 1.8139690831565327, 2.886950440590801]
phase_amplitude_mean = 34025.080543335825
phase_amplitude_standard_deviation = 47698.66676993027
